PlacedObjects: SSLightRod><192.7><1124.247><-167.6795~-163~0.4891304~90~1000~0, SSLightRod><189.8496><1161.423><18.32051~79~0.4891304~90~1000~0,
AmbientSounds: OMNI><AM_IND-DeepHum.ogg><763.4661><556.0529><0.4><1,
EffectColorA: 18
EffectColorB: 8
FadePalette: 212, 0.35, 0, 0
MorePalette0: 14, 0, 0, 0.35