Clouds: 0.9
Grime: 0.2
Palette: 13
EffectColorA: 9
EffectColorB: 6
Effects: ReplaceEffectColorB-0.255197-20-20-Color-1-0.6031929-0.6031929, SunBlock-1-20-20, ProjectedScanLines-0.33-20-20, ElectricDeath-1-20-20, ZeroG-0.33-20-20,
AmbientSounds: OMNI><AM_IND-DeepHum.ogg><763.4661><556.0529><0.4><1, OMNI><am_env-forest.ogg><97.49356><496.7167><0.4><1,
FadePalette: 33, 0.35